Zn  -0.000000013  1.509401374  1.218290210  0 0 0
Zn  -0.000000013  1.509401374  3.654870630  0 0 0
Zn  -0.000000013  1.509401374  6.091451049  0 0 1
Zn  -0.000000013  1.509401374  8.528031469  1 1 1
Zn  -1.307179941  3.773503424  1.218290210  0 0 0
Zn  -1.307179941  3.773503424  3.654870630  0 0 0
Zn  -1.307179941  3.773503424  6.091451049  0 0 1
Zn  -1.307179941  3.773503424  8.528031469  1 1 1
Zn  2.614359843  1.509401374  1.218290210  0 0 0
Zn  2.614359843  1.509401374  3.654870630  0 0 0
Zn  2.614359843  1.509401374  6.091451049  0 0 1
Zn  2.614359843  1.509401374  8.528031469  1 1 1
Zn  1.307179915  3.773503424  1.218290210  0 0 0
Zn  1.307179915  3.773503424  3.654870630  0 0 0
Zn  1.307179915  3.773503424  6.091451049  0 0 1
Zn  1.307179915  3.773503424  8.528031469  1 1 1
Zn  1.307179941  0.754700676  1.218290210  0 0 0
Zn  1.307179941  0.754700676  3.654870630  0 0 0
Zn  1.307179941  0.754700676  6.091451049  0 0 1
Zn  1.307179941  0.754700676  8.528031469  1 1 1
Zn  0.000000013  3.018802726  1.218290210  0 0 0
Zn  0.000000013  3.018802726  3.654870630  0 0 0
Zn  0.000000013  3.018802726  6.091451049  0 0 1
Zn  0.000000013  3.018802726  8.528031469  1 1 1
Zn  3.921539797  0.754700676  1.218290210  0 0 0
Zn  3.921539797  0.754700676  3.654870630  0 0 0
Zn  3.921539797  0.754700676  6.091451049  0 0 1
Zn  3.921539797  0.754700676  8.528031469  1 1 1
Zn  2.614359869  3.018802726  1.218290210  0 0 0
Zn  2.614359869  3.018802726  3.654870630  0 0 0
Zn  2.614359869  3.018802726  6.091451049  0 0 1
Zn  2.614359869  3.018802726  8.528031469  1 1 1
