Zn  1.2182902100  1.3071799380  0.7547006810  0 0 0
Zn  1.2182902100  6.5358996490  0.7547006810  0 0 0
Zn  1.2182902100  0.0000000010  3.0188027470  0 0 0
Zn  1.2182902100  5.2287197120  3.0188027470  0 0 0
Zn  1.2185726075  -1.3073880994  5.6729282852  0 0 0
Zn  1.2186851431  3.9215451479  5.6720151579  0 0 0
Zn  1.2186874652  -2.6146512868  8.3124525080  1 1 1
Zn  1.2187441482  2.6147502354  8.3119490829  1 1 1
Zn  1.2182902100  3.9215397940  0.7547006810  0 0 0
Zn  1.2182902100  9.1502595050  0.7547006810  0 0 0
Zn  1.2182902100  2.6143598570  3.0188027470  0 0 0
Zn  1.2182902100  7.8430795680  3.0188027470  0 0 0
Zn  1.2186883199  1.3072854268  5.6723424169  0 0 0
Zn  1.2185625130  6.5357747424  5.6727099542  0 0 0
Zn  1.2187214220  -0.0003586288  8.3124656907  1 1 1
Zn  1.2187057638  5.2291606609  8.3118595007  1 1 1
Zn  6.0914510490  1.3071799380  0.7547006810  0 0 0
Zn  6.0914510490  6.5358996490  0.7547006810  0 0 0
Zn  6.0914510490  0.0000000010  3.0188027470  0 0 0
Zn  6.0914510490  5.2287197120  3.0188027470  0 0 0
Zn  6.0911338514  -1.3072242637  5.6748546444  0 0 0
Zn  6.0910857638  3.9213990650  5.6741431289  0 0 0
Zn  6.0911071145  -2.6147187100  8.3122617478  1 1 1
Zn  6.0909630492  2.6148257972  8.3118541494  1 1 1
Zn  6.0914510490  3.9215397940  0.7547006810  0 0 0
Zn  6.0914510490  9.1502595050  0.7547006810  0 0 0
Zn  6.0914510490  2.6143598570  3.0188027470  0 0 0
Zn  6.0914510490  7.8430795680  3.0188027470  0 0 0
Zn  6.0911030401  1.3076064174  5.6744400348  0 0 0
Zn  6.0911314819  6.5354481156  5.6746346244  0 0 0
Zn  6.0910519940  -0.0001550310  8.3123616547  1 1 1
Zn  6.0910350808  5.2289552434  8.3117181402  1 1 1
Zn  3.6548706290  -0.0000000190  1.5094013850  0 0 0
Zn  3.6548706290  5.2287196920  1.5094013850  0 0 0
Zn  3.6548706290  -1.3071799560  3.7735034500  0 0 0
Zn  3.6548706290  3.9215397550  3.7735034500  0 0 0
Zn  3.6546710580  -2.6147701593  6.0778389286  0 0 0
Zn  3.6547432516  2.6146750712  6.0771464013  0 0 0
Zn  3.6559778408  -3.9216886876  8.4670559092  1 1 1
Zn  3.6560296889  1.3071976063  8.4673307023  1 1 1
Zn  3.6548706290  2.6143598370  1.5094013850  0 0 0
Zn  3.6548706290  7.8430795480  1.5094013850  0 0 0
Zn  3.6548706290  1.3071799000  3.7735034500  0 0 0
Zn  3.6548706290  6.5358996110  3.7735034500  0 0 0
Zn  3.6547437702  0.0001669099  6.0773502731  0 0 0
Zn  3.6547864959  5.2284186199  6.0775758154  0 0 0
Zn  3.6559474203  -1.3076933695  8.4673694336  1 1 1
Zn  3.6560502897  3.9218980393  8.4670053876  1 1 1
Zn  8.5280314680  -0.0000000190  1.5094013850  0 0 0
Zn  8.5280314680  5.2287196920  1.5094013850  0 0 0
Zn  8.5280314680  -1.3071799560  3.7735034500  0 0 0
Zn  8.5280314680  3.9215397550  3.7735034500  0 0 0
Zn  8.5281647867  -2.6147587956  6.0779299812  0 0 0
Zn  8.5281732184  2.6146472247  6.0772010317  0 0 0
Zn  8.5269885230  -3.9215735360  8.4681201244  1 1 1
Zn  8.5268924990  1.3070557120  8.4683976833  1 1 1
Zn  8.5280314680  2.6143598370  1.5094013850  0 0 0
Zn  8.5280314680  7.8430795480  1.5094013850  0 0 0
Zn  8.5280314680  1.3071799000  3.7735034500  0 0 0
Zn  8.5280314680  6.5358996110  3.7735034500  0 0 0
Zn  8.5282171944  -0.0000137934  6.0774321744  0 0 0
Zn  8.5281738077  5.2286143460  6.0776528160  0 0 0
Zn  8.5270310305  -1.3077639996  8.4684178960  1 1 1
Zn  8.5268620331  3.9220020700  8.4680752259  1 1 1
C  4.6376032968  4.5363292483  14.4973609121  0 0 0
C  5.0839864004  3.8427398259  13.3825820335  0 0 0
C  2.8931317065  5.0214245132  16.1749549971  0 0 0
C  3.3517950045  4.3048686723  15.0248349182  0 0 0
C  2.5280713049  3.3516324590  14.3941105742  0 0 0
C  4.2605596719  2.8854612445  12.7466135433  0 0 0
C  2.9581347195  2.6448419213  13.2668429684  0 0 0
N  2.5204310428  5.6036850440  17.1095546706  0 0 0
N  4.6988734576  2.2008493049  11.6482307287  0 0 0
H  5.2882440631  5.2717692475  14.9746631022  0 0 0
H  6.0850526699  4.0366752914  12.9883861820  0 0 0
H  5.6187906295  2.3654939076  11.2673765155  1 1 1
H  4.1104879753  1.5183621788  11.1934036990  1 1 1
H  1.5289292239  3.1606674815  14.7905343619  0 0 0
H  2.3168580761  1.9204455311  12.8039203436  0 0 0
