Zn  1.2182902100  1.3071799380  0.7547006810  0 0 0
Zn  1.2182902100  6.5358996490  0.7547006810  0 0 0
Zn  1.2182902100  0.0000000010  3.0188027470  0 0 0
Zn  1.2182902100  5.2287197120  3.0188027470  0 0 0
Zn  1.2185726075  -1.3073880994  5.6729282852  0 0 0
Zn  1.2186851431  3.9215451479  5.6720151579  0 0 0
Zn  1.2186874652  -2.6146512868  8.3124525080  1 1 1
Zn  1.2187441482  2.6147502354  8.3119490829  1 1 1
Zn  1.2182902100  3.9215397940  0.7547006810  0 0 0
Zn  1.2182902100  9.1502595050  0.7547006810  0 0 0
Zn  1.2182902100  2.6143598570  3.0188027470  0 0 0
Zn  1.2182902100  7.8430795680  3.0188027470  0 0 0
Zn  1.2186883199  1.3072854268  5.6723424169  0 0 0
Zn  1.2185625130  6.5357747424  5.6727099542  0 0 0
Zn  1.2187214220  -0.0003586288  8.3124656907  1 1 1
Zn  1.2187057638  5.2291606609  8.3118595007  1 1 1
Zn  6.0914510490  1.3071799380  0.7547006810  0 0 0
Zn  6.0914510490  6.5358996490  0.7547006810  0 0 0
Zn  6.0914510490  0.0000000010  3.0188027470  0 0 0
Zn  6.0914510490  5.2287197120  3.0188027470  0 0 0
Zn  6.0911338514  -1.3072242637  5.6748546444  0 0 0
Zn  6.0910857638  3.9213990650  5.6741431289  0 0 0
Zn  6.0911071145  -2.6147187100  8.3122617478  1 1 1
Zn  6.0909630492  2.6148257972  8.3118541494  1 1 1
Zn  6.0914510490  3.9215397940  0.7547006810  0 0 0
Zn  6.0914510490  9.1502595050  0.7547006810  0 0 0
Zn  6.0914510490  2.6143598570  3.0188027470  0 0 0
Zn  6.0914510490  7.8430795680  3.0188027470  0 0 0
Zn  6.0911030401  1.3076064174  5.6744400348  0 0 0
Zn  6.0911314819  6.5354481156  5.6746346244  0 0 0
Zn  6.0910519940  -0.0001550310  8.3123616547  1 1 1
Zn  6.0910350808  5.2289552434  8.3117181402  1 1 1
Zn  3.6548706290  -0.0000000190  1.5094013850  0 0 0
Zn  3.6548706290  5.2287196920  1.5094013850  0 0 0
Zn  3.6548706290  -1.3071799560  3.7735034500  0 0 0
Zn  3.6548706290  3.9215397550  3.7735034500  0 0 0
Zn  3.6546710580  -2.6147701593  6.0778389286  0 0 0
Zn  3.6547432516  2.6146750712  6.0771464013  0 0 0
Zn  3.6559778408  -3.9216886876  8.4670559092  1 1 1
Zn  3.6560296889  1.3071976063  8.4673307023  1 1 1
Zn  3.6548706290  2.6143598370  1.5094013850  0 0 0
Zn  3.6548706290  7.8430795480  1.5094013850  0 0 0
Zn  3.6548706290  1.3071799000  3.7735034500  0 0 0
Zn  3.6548706290  6.5358996110  3.7735034500  0 0 0
Zn  3.6547437702  0.0001669099  6.0773502731  0 0 0
Zn  3.6547864959  5.2284186199  6.0775758154  0 0 0
Zn  3.6559474203  -1.3076933695  8.4673694336  1 1 1
Zn  3.6560502897  3.9218980393  8.4670053876  1 1 1
Zn  8.5280314680  -0.0000000190  1.5094013850  0 0 0
Zn  8.5280314680  5.2287196920  1.5094013850  0 0 0
Zn  8.5280314680  -1.3071799560  3.7735034500  0 0 0
Zn  8.5280314680  3.9215397550  3.7735034500  0 0 0
Zn  8.5281647867  -2.6147587956  6.0779299812  0 0 0
Zn  8.5281732184  2.6146472247  6.0772010317  0 0 0
Zn  8.5269885230  -3.9215735360  8.4681201244  1 1 1
Zn  8.5268924990  1.3070557120  8.4683976833  1 1 1
Zn  8.5280314680  2.6143598370  1.5094013850  0 0 0
Zn  8.5280314680  7.8430795480  1.5094013850  0 0 0
Zn  8.5280314680  1.3071799000  3.7735034500  0 0 0
Zn  8.5280314680  6.5358996110  3.7735034500  0 0 0
Zn  8.5282171944  -0.0000137934  6.0774321744  0 0 0
Zn  8.5281738077  5.2286143460  6.0776528160  0 0 0
Zn  8.5270310305  -1.3077639996  8.4684178960  1 1 1
Zn  8.5268620331  3.9220020700  8.4680752259  1 1 1
C  4.7774331600  1.4677410359  17.3317633270  0 0 0
C  4.7858500974  1.5715767469  15.9049614205  0 0 0
C  4.2228567605  2.6909348334  15.2607994014  0 0 0
C  5.3574553475  0.5567384617  15.1123458625  0 0 0
C  5.3665475136  0.6556337196  13.7291051313  0 0 0
C  4.2256245629  2.8112705229  13.8676523237  0 0 0
C  4.8027022239  1.7771306466  13.0786765711  0 0 0
N  4.7704837298  1.3833982142  18.4911788020  0 0 0
N  4.8105592860  1.8762223280  11.7157967322  0 0 0
H  5.2204178157  1.1515139921  11.1453535417  1 1 1
H  4.4092004413  2.6774256200  11.2514951247  1 1 1
H  3.7759547771  3.4860282772  15.8608062371  0 0 0
H  5.7978610334  -0.3171982891  15.5961556262  0 0 0
H  5.8149332585  -0.1424685752  13.1314952244  0 0 0
H  3.7882011162  3.6698355525  13.3967772656  0 0 0
