Zn  1.218290210  1.307179938  0.754700681  0 0 0
Zn  1.218290210  6.535899649  0.754700681  0 0 0
Zn  1.218290210  0.000000001  3.018802747  0 0 0
Zn  1.218290210  5.228719712  3.018802747  0 0 0
Zn  1.220506763  -1.307206291  5.662816597  1 1 1
Zn  1.220506763  3.921513420  5.662816597  1 1 1
Zn  1.220573719  -2.614290259  8.320189323  1 1 1
Zn  1.220573719  2.614429452  8.320189323  1 1 1
Zn  1.218290210  3.921539794  0.754700681  0 0 0
Zn  1.218290210  9.150259505  0.754700681  0 0 0
Zn  1.218290210  2.614359857  3.018802747  0 0 0
Zn  1.218290210  7.843079568  3.018802747  0 0 0
Zn  1.220505327  1.307153769  5.662818492  1 1 1
Zn  1.220505327  6.535873481  5.662818492  1 1 1
Zn  1.220573637  0.000069464  8.320188262  1 1 1
Zn  1.220573637  5.228789175  8.320188262  1 1 1
Zn  6.091451049  1.307179938  0.754700681  0 0 0
Zn  6.091451049  6.535899649  0.754700681  0 0 0
Zn  6.091451049  0.000000001  3.018802747  0 0 0
Zn  6.091451049  5.228719712  3.018802747  0 0 0
Zn  6.089057330  -1.307208284  5.660991180  1 1 1
Zn  6.089057330  3.921511427  5.660991180  1 1 1
Zn  6.089224913  -2.614290548  8.320225341  1 1 1
Zn  6.089224913  2.614429164  8.320225341  1 1 1
Zn  6.091451049  3.921539794  0.754700681  0 0 0
Zn  6.091451049  9.150259505  0.754700681  0 0 0
Zn  6.091451049  2.614359857  3.018802747  0 0 0
Zn  6.091451049  7.843079568  3.018802747  0 0 0
Zn  6.089058166  1.307151725  5.660989542  1 1 1
Zn  6.089058166  6.535871436  5.660989542  1 1 1
Zn  6.089225852  0.000069342  8.320225628  1 1 1
Zn  6.089225852  5.228789053  8.320225628  1 1 1
Zn  3.654870629  -0.000000019  1.509401385  0 0 0
Zn  3.654870629  5.228719692  1.509401385  0 0 0
Zn  3.654870629  -1.307179956  3.773503450  0 0 0
Zn  3.654870629  3.921539755  3.773503450  0 0 0
Zn  3.653939485  -2.614324136  6.073377194  1 1 1
Zn  3.653939485  2.614395575  6.073377194  1 1 1
Zn  3.653833398  -3.921462086  8.470397809  1 1 1
Zn  3.653833398  1.307257625  8.470397809  1 1 1
Zn  3.654870629  2.614359837  1.509401385  0 0 0
Zn  3.654870629  7.843079548  1.509401385  0 0 0
Zn  3.654870629  1.307179900  3.773503450  0 0 0
Zn  3.654870629  6.535899611  3.773503450  0 0 0
Zn  3.653940770  0.000035925  6.073376480  1 1 1
Zn  3.653940770  5.228755636  6.073376480  1 1 1
Zn  3.653832480  -1.307102013  8.470396701  1 1 1
Zn  3.653832480  3.921617698  8.470396701  1 1 1
Zn  8.528031468  -0.000000019  1.509401385  0 0 0
Zn  8.528031468  5.228719692  1.509401385  0 0 0
Zn  8.528031468  -1.307179956  3.773503450  0 0 0
Zn  8.528031468  3.921539755  3.773503450  0 0 0
Zn  8.528663489  -2.614323376  6.072105079  1 1 1
Zn  8.528663489  2.614396336  6.072105079  1 1 1
Zn  8.529140371  -3.921459123  8.471308451  1 1 1
Zn  8.529140371  1.307260588  8.471308451  1 1 1
Zn  8.528031468  2.614359837  1.509401385  0 0 0
Zn  8.528031468  7.843079548  1.509401385  0 0 0
Zn  8.528031468  1.307179900  3.773503450  0 0 0
Zn  8.528031468  6.535899611  3.773503450  0 0 0
Zn  8.528664653  0.000036053  6.072103471  1 1 1
Zn  8.528664653  5.228755764  6.072103471  1 1 1
Zn  8.529141262  -1.307098960  8.471309661  1 1 1
Zn  8.529141262  3.921620751  8.471309661  1 1 1
