Zn  -1.073555604  1.084142249  1.197763544  0 0 0
Zn  -2.309485035  6.164692245  1.197763544  0 0 0
Zn  -5.367777526  0.039500377  3.251072335  0 0 0
Zn  -6.603706957  5.120050372  3.251072335  0 0 0
Zn  -9.699793145  -1.014283959  5.651353526  1 1 1
Zn  -10.935722576  4.066266036  5.651353526  1 1 1
Zn  -13.707233712  -1.989244865  7.759903789  1 1 1
Zn  -14.943163143  3.091305131  7.759903789  1 1 1
Zn  -1.691520319  3.624417247  1.197763544  0 0 0
Zn  -2.927449751  8.704967243  1.197763544  0 0 0
Zn  -5.985742241  2.579775375  3.251072335  0 0 0
Zn  -7.221671672  7.660325370  3.251072335  0 0 0
Zn  -10.317757210  1.525991414  5.651352408  1 1 1
Zn  -11.553686641  6.606541410  5.651352408  1 1 1
Zn  -14.325197871  0.551030468  7.759903393  1 1 1
Zn  -15.561127302  5.631580463  7.759903393  1 1 1
Zn  4.456595763  1.084142249  1.197763544  0 0 0
Zn  3.220666332  6.164692245  1.197763544  0 0 0
Zn  0.162373841  0.039500377  3.251072335  0 0 0
Zn  -1.073555590  5.120050372  3.251072335  0 0 0
Zn  -4.169397755  -1.014236627  5.651755323  1 1 1
Zn  -5.405327186  4.066313368  5.651755323  1 1 1
Zn  -8.176560051  -1.989131053  7.758386348  1 1 1
Zn  -9.412489482  3.091418943  7.758386348  1 1 1
Zn  3.838631048  3.624417247  1.197763544  0 0 0
Zn  2.602701617  8.704967243  1.197763544  0 0 0
Zn  -0.455590874  2.579775375  3.251072335  0 0 0
Zn  -1.691520305  7.660325370  3.251072335  0 0 0
Zn  -4.787363073  1.526038190  5.651755071  1 1 1
Zn  -6.023292504  6.606588186  5.651755071  1 1 1
Zn  -8.794525108  0.551144094  7.758385403  1 1 1
Zn  -10.030454539  5.631694090  7.758385403  1 1 1
Zn  1.691520333  0.411490877  0.855545248  0 0 0
Zn  0.455590902  5.492040873  0.855545248  0 0 0
Zn  -2.602701589  -0.633150995  2.908854039  0 0 0
Zn  -3.838631020  4.447399001  2.908854039  0 0 0
Zn  -6.977137058  -1.697253921  5.101538815  1 1 1
Zn  -8.213066489  3.383296075  5.101538815  1 1 1
Zn  -11.137260892  -2.709274443  7.368153051  1 1 1
Zn  -12.373190323  2.371275553  7.368153051  1 1 1
Zn  1.073555617  2.951765875  0.855545248  0 0 0
Zn  -0.162373814  8.032315871  0.855545248  0 0 0
Zn  -3.220666304  1.907124003  2.908854039  0 0 0
Zn  -4.456595735  6.987673999  2.908854039  0 0 0
Zn  -7.595101755  0.843021087  5.101538331  1 1 1
Zn  -8.831031187  5.923571083  5.101538331  1 1 1
Zn  -11.755226256  -0.168999359  7.368153141  1 1 1
Zn  -12.991155687  4.911550637  7.368153141  1 1 1
Zn  7.221671700  0.411490877  0.855545248  0 0 0
Zn  5.985742269  5.492040873  0.855545248  0 0 0
Zn  2.927449778  -0.633150995  2.908854039  0 0 0
Zn  1.691520347  4.447399001  2.908854039  0 0 0
Zn  -1.447618870  -1.697400354  5.103595078  1 1 1
Zn  -2.683548301  3.383149642  5.103595078  1 1 1
Zn  -5.607390437  -2.709345755  7.364708609  1 1 1
Zn  -6.843319868  2.371204241  7.364708609  1 1 1
Zn  6.603706985  2.951765875  0.855545248  0 0 0
Zn  5.367777554  8.032315871  0.855545248  0 0 0
Zn  2.309485063  1.907124003  2.908854039  0 0 0
Zn  1.073555632  6.987673999  2.908854039  0 0 0
Zn  -2.065582365  0.842875318  5.103594014  1 1 1
Zn  -3.301511796  5.923425313  5.103594014  1 1 1
Zn  -6.225354367  -0.169070360  7.364708144  1 1 1
Zn  -7.461283798  4.911479636  7.364708144  1 1 1
