Zn  -0.0000000130  1.5094013740  1.2182902590  0 0 0
Zn  5.2287196980  1.5094013740  1.2182902590  0 0 0
Zn  0.0011120427  1.5098156786  6.1721139700  1 1 1
Zn  5.2276298567  1.5096812409  6.1878303447  1 1 1
Zn  -1.3071799410  3.7735034240  1.2182902590  0 0 0
Zn  3.9215397700  3.7735034240  1.2182902590  0 0 0
Zn  -1.3069300877  3.7744055475  6.1790147181  1 1 1
Zn  3.9211654507  3.7735432858  6.1841575930  1 1 1
Zn  -2.6143598690  6.0376054730  1.2182902590  0 0 0
Zn  2.6143598420  6.0376054730  1.2182902590  0 0 0
Zn  -2.6142664897  6.0378510255  6.1861027382  1 1 1
Zn  2.6141756116  6.0366437837  6.1776090524  1 1 1
Zn  -3.9215397970  8.3017075230  1.2182902590  0 0 0
Zn  1.3071799140  8.3017075230  1.2182902590  0 0 0
Zn  -3.9206627632  8.3013971165  6.1799331037  1 1 1
Zn  1.3061892394  8.3010083570  6.1815705960  1 1 1
Zn  2.6143598430  1.5094013740  1.2182902590  0 0 0
Zn  7.8430795540  1.5094013740  1.2182902590  0 0 0
Zn  2.6139064777  1.5091536489  6.1808539610  1 1 1
Zn  7.8434993133  1.5104311852  6.1795685079  1 1 1
Zn  1.3071799150  3.7735034240  1.2182902590  0 0 0
Zn  6.5358996260  3.7735034240  1.2182902590  0 0 0
Zn  1.3068490933  3.7733862370  6.1747897063  1 1 1
Zn  6.5361293872  3.7744930338  6.1877720625  1 1 1
Zn  -0.0000000130  6.0376054730  1.2182902590  0 0 0
Zn  5.2287196980  6.0376054730  1.2182902590  0 0 0
Zn  -0.0010277368  6.0371123597  6.1810339429  1 1 1
Zn  5.2296452053  6.0375740856  6.1834586640  1 1 1
Zn  -1.3071799410  8.3017075230  1.2182902590  0 0 0
Zn  3.9215397700  8.3017075230  1.2182902590  0 0 0
Zn  -1.3082407216  8.3010985074  6.1862800640  1 1 1
Zn  3.9229243575  8.3012795558  6.1747242960  1 1 1
Zn  1.3071799410  0.7547006760  3.6548707760  0 0 0
Zn  6.5358996520  0.7547006760  3.6548707760  0 0 0
Zn  1.3081480402  0.7544337497  8.6973619154  1 1 1
Zn  6.5388994984  0.7537708526  8.7019495583  1 1 1
Zn  0.0000000130  3.0188027250  3.6548707760  0 0 0
Zn  5.2287197240  3.0188027250  3.6548707760  0 0 0
Zn  0.0047243765  3.0266123321  8.6637193095  1 1 1
Zn  5.2301516721  3.0174279964  8.7041621988  1 1 1
Zn  -1.3071799150  5.2829047750  3.6548707760  0 0 0
Zn  3.9215397960  5.2829047750  3.6548707760  0 0 0
Zn  -1.3011445757  5.2821202681  8.6901071595  1 1 1
Zn  3.9125257052  5.2815585311  8.6671959343  1 1 1
Zn  -2.6143598430  7.5470068250  3.6548707760  0 0 0
Zn  2.6143598680  7.5470068250  3.6548707760  0 0 0
Zn  -2.6141133537  7.5460797915  8.7033840012  1 1 1
Zn  2.6102123485  7.5402611667  8.6728206719  1 1 1
Zn  3.9215397970  0.7547006760  3.6548707760  0 0 0
Zn  9.1502595080  0.7547006760  3.6548707760  0 0 0
Zn  3.9206054229  0.7552901761  8.7054698765  1 1 1
Zn  9.1530845037  0.7544696045  8.6970961159  1 1 1
Zn  2.6143598690  3.0188027250  3.6548707760  0 0 0
Zn  7.8430795800  3.0188027250  3.6548707760  0 0 0
Zn  2.6099929769  3.0250967216  8.6637902505  1 1 1
Zn  7.8453991270  3.0163872911  8.7018845379  1 1 1
Zn  1.3071799410  5.2829047750  3.6548707760  0 0 0
Zn  6.5358996520  5.2829047750  3.6548707760  0 0 0
Zn  1.3030768096  5.2858242282  9.0148449805  1 1 1
Zn  6.5344378797  5.2817401006  8.7065509262  1 1 1
Zn  0.0000000130  7.5470068250  3.6548707760  0 0 0
Zn  5.2287197240  7.5470068250  3.6548707760  0 0 0
Zn  0.0027691485  7.5409678374  8.6920384754  1 1 1
Zn  5.2283832881  7.5448785546  8.6978187236  1 1 1
O  1.3206783498  5.1924496818  11.6298289711  1 1 1
H  2.2088709649  5.5192270107  11.8881593881  1 1 1
H  1.3592220343  4.2275633804  11.8035017573  1 1 1
