Zn  -1.0735556040  1.0841422490  1.1977635440  0 0 0
Zn  -2.3094850350  6.1646922450  1.1977635440  0 0 0
Zn  -5.3677775260  0.0395003770  3.2510723350  0 0 0
Zn  -6.6037069570  5.1200503720  3.2510723350  0 0 0
Zn  -9.7089195560  -1.0153197644  5.5574001830  0 0 0
Zn  -10.9444612646  4.0651762061  5.5568475472  0 0 0
Zn  -13.7214416351  -1.9892533076  7.6431184026  1 1 1
Zn  -14.9564813252  3.0909243841  7.6428892457  1 1 1
Zn  -1.6915203190  3.6244172470  1.1977635440  0 0 0
Zn  -2.9274497510  8.7049672430  1.1977635440  0 0 0
Zn  -5.9857422410  2.5797753750  3.2510723350  0 0 0
Zn  -7.2216716720  7.6603253700  3.2510723350  0 0 0
Zn  -10.3264176447  1.5250682890  5.5573868096  0 0 0
Zn  -11.5628996562  6.6053331603  5.5568587833  0 0 0
Zn  -14.3383823334  0.5510568695  7.6424277911  1 1 1
Zn  -15.5754934006  5.6311441713  7.6435787065  1 1 1
Zn  4.4565957630  1.0841422490  1.1977635440  0 0 0
Zn  3.2206663320  6.1646922450  1.1977635440  0 0 0
Zn  0.1623738410  0.0395003770  3.2510723350  0 0 0
Zn  -1.0735555900  5.1200503720  3.2510723350  0 0 0
Zn  -4.1792282939  -1.0153627723  5.5588462762  0 0 0
Zn  -5.4152205082  4.0648737576  5.5585311673  0 0 0
Zn  -8.1948587992  -1.9906576436  7.6440654325  1 1 1
Zn  -9.4313594711  3.0902266224  7.6447699490  1 1 1
Zn  3.8386310480  3.6244172470  1.1977635440  0 0 0
Zn  2.6027016170  8.7049672430  1.1977635440  0 0 0
Zn  -0.4555908740  2.5797753750  3.2510723350  0 0 0
Zn  -1.6915203050  7.6603253700  3.2510723350  0 0 0
Zn  -4.7972853979  1.5244358199  5.5588288137  0 0 0
Zn  -6.0330863402  6.6056334593  5.5585535707  0 0 0
Zn  -8.8134310459  0.5494463339  7.6447235255  1 1 1
Zn  -10.0487061162  5.6306716810  7.6441212823  1 1 1
Zn  1.6915203330  0.4114908770  0.8555452480  0 0 0
Zn  0.4555909020  5.4920408730  0.8555452480  0 0 0
Zn  -2.6027015890  -0.6331509950  2.9088540390  0 0 0
Zn  -3.8386310200  4.4473990010  2.9088540390  0 0 0
Zn  -6.9469216156  -1.6917672198  5.0366214099  0 0 0
Zn  -8.1827395462  3.3890769520  5.0367887488  0 0 0
Zn  -11.1182059302  -2.7018510587  7.3039457638  0 0 0
Zn  -12.3529337251  2.3791608544  7.3040019961  0 0 0
Zn  1.0735556170  2.9517658750  0.8555452480  0 0 0
Zn  -0.1623738140  8.0323158710  0.8555452480  0 0 0
Zn  -3.2206663040  1.9071240030  2.9088540390  0 0 0
Zn  -4.4565957350  6.9876739990  2.9088540390  0 0 0
Zn  -7.5649765968  0.8484405585  5.0367436921  0 0 0
Zn  -8.8005772481  5.9294148523  5.0366560249  0 0 0
Zn  -11.7355211386  -0.1613220661  7.3041997017  0 0 0
Zn  -12.9715639520  4.9192102454  7.3037498091  0 0 0
Zn  7.2216717000  0.4114908770  0.8555452480  0 0 0
Zn  5.9857422690  5.4920408730  0.8555452480  0 0 0
Zn  2.9274497780  -0.6331509950  2.9088540390  0 0 0
Zn  1.6915203470  4.4473990010  2.9088540390  0 0 0
Zn  -1.4162111914  -1.6911008414  5.0365779004  0 0 0
Zn  -2.6518817476  3.3887563827  5.0360840250  0 0 0
Zn  -5.5909851415  -2.7022171332  7.3034669440  0 0 0
Zn  -6.8276480205  2.3775479218  7.3037436654  0 0 0
Zn  6.6037069850  2.9517658750  0.8555452480  0 0 0
Zn  5.3677775540  8.0323158710  0.8555452480  0 0 0
Zn  2.3094850630  1.9071240030  2.9088540390  0 0 0
Zn  1.0735556320  6.9876739990  2.9088540390  0 0 0
Zn  -2.0337195757  0.8489305936  5.0365785276  0 0 0
Zn  -3.2702789950  5.9292477955  5.0360658650  0 0 0
Zn  -6.2095605799  -0.1625612169  7.3031397682  0 0 0
Zn  -7.4450153871  4.9184572000  7.3040810687  0 0 0
O  -6.3394846444  2.8187130770  10.3409879186  1 1 1
H  -7.0406147457  3.4279635393  10.6485353870  1 1 1
H  -6.5787526086  1.9620093887  10.7489684716  1 1 1
