Zn  -0.000000013  1.509401374  1.218290210  0 0 0
Zn  -0.000000013  1.509401374  6.091451049  1 1 1
Zn  -1.307179941  3.773503424  1.218290210  0 0 0
Zn  -1.307179941  3.773503424  6.091451049  1 1 1
Zn  -2.614359869  6.037605473  1.218290210  0 0 0
Zn  -2.614359869  6.037605473  6.091451049  1 1 1
Zn  -3.921539797  8.301707523  1.218290210  0 0 0
Zn  -3.921539797  8.301707523  6.091451049  1 1 1
Zn  2.614359843  1.509401374  1.218290210  0 0 0
Zn  2.614359843  1.509401374  6.091451049  1 1 1
Zn  1.307179915  3.773503424  1.218290210  0 0 0
Zn  1.307179915  3.773503424  6.091451049  1 1 1
Zn  -0.000000013  6.037605473  1.218290210  0 0 0
Zn  -0.000000013  6.037605473  6.091451049  1 1 1
Zn  -1.307179941  8.301707523  1.218290210  0 0 0
Zn  -1.307179941  8.301707523  6.091451049  1 1 1
Zn  1.307179941  0.754700676  3.654870629  0 0 0
Zn  1.307179941  0.754700676  8.528031468  1 1 1
Zn  0.000000013  3.018802725  3.654870629  0 0 0
Zn  0.000000013  3.018802725  8.528031468  1 1 1
Zn  -1.307179915  5.282904775  3.654870629  0 0 0
Zn  -1.307179915  5.282904775  8.528031468  1 1 1
Zn  -2.614359843  7.547006825  3.654870629  0 0 0
Zn  -2.614359843  7.547006825  8.528031468  1 1 1
Zn  3.921539797  0.754700676  3.654870629  0 0 0
Zn  3.921539797  0.754700676  8.528031468  1 1 1
Zn  2.614359869  3.018802725  3.654870629  0 0 0
Zn  2.614359869  3.018802725  8.528031468  1 1 1
Zn  1.307179941  5.282904775  3.654870629  0 0 0
Zn  1.307179941  5.282904775  8.528031468  1 1 1
Zn  0.000000013  7.547006825  3.654870629  0 0 0
Zn  0.000000013  7.547006825  8.528031468  1 1 1
