Zn  -0.000000013  1.509401374  1.218290259  0 0 0
Zn  5.228719698  1.509401374  1.218290259  0 0 0
Zn  -0.000000013  1.509401374  6.091451294  1 1 1
Zn  5.228719698  1.509401374  6.091451294  1 1 1
Zn  -1.307179941  3.773503424  1.218290259  0 0 0
Zn  3.921539770  3.773503424  1.218290259  0 0 0
Zn  -1.307179941  3.773503424  6.091451294  1 1 1
Zn  3.921539770  3.773503424  6.091451294  1 1 1
Zn  -2.614359869  6.037605473  1.218290259  0 0 0
Zn  2.614359842  6.037605473  1.218290259  0 0 0
Zn  -2.614359869  6.037605473  6.091451294  1 1 1
Zn  2.614359842  6.037605473  6.091451294  1 1 1
Zn  -3.921539797  8.301707523  1.218290259  0 0 0
Zn  1.307179914  8.301707523  1.218290259  0 0 0
Zn  -3.921539797  8.301707523  6.091451294  1 1 1
Zn  1.307179914  8.301707523  6.091451294  1 1 1
Zn  2.614359843  1.509401374  1.218290259  0 0 0
Zn  7.843079554  1.509401374  1.218290259  0 0 0
Zn  2.614359843  1.509401374  6.091451294  1 1 1
Zn  7.843079554  1.509401374  6.091451294  1 1 1
Zn  1.307179915  3.773503424  1.218290259  0 0 0
Zn  6.535899626  3.773503424  1.218290259  0 0 0
Zn  1.307179915  3.773503424  6.091451294  1 1 1
Zn  6.535899626  3.773503424  6.091451294  1 1 1
Zn  -0.000000013  6.037605473  1.218290259  0 0 0
Zn  5.228719698  6.037605473  1.218290259  0 0 0
Zn  -0.000000013  6.037605473  6.091451294  1 1 1
Zn  5.228719698  6.037605473  6.091451294  1 1 1
Zn  -1.307179941  8.301707523  1.218290259  0 0 0
Zn  3.921539770  8.301707523  1.218290259  0 0 0
Zn  -1.307179941  8.301707523  6.091451294  1 1 1
Zn  3.921539770  8.301707523  6.091451294  1 1 1
Zn  1.307179941  0.754700676  3.654870776  0 0 0
Zn  6.535899652  0.754700676  3.654870776  0 0 0
Zn  1.307179941  0.754700676  8.528031810  1 1 1
Zn  6.535899652  0.754700676  8.528031810  1 1 1
Zn  0.000000013  3.018802725  3.654870776  0 0 0
Zn  5.228719724  3.018802725  3.654870776  0 0 0
Zn  0.000000013  3.018802725  8.528031810  1 1 1
Zn  5.228719724  3.018802725  8.528031810  1 1 1
Zn  -1.307179915  5.282904775  3.654870776  0 0 0
Zn  3.921539796  5.282904775  3.654870776  0 0 0
Zn  -1.307179915  5.282904775  8.528031810  1 1 1
Zn  3.921539796  5.282904775  8.528031810  1 1 1
Zn  -2.614359843  7.547006825  3.654870776  0 0 0
Zn  2.614359868  7.547006825  3.654870776  0 0 0
Zn  -2.614359843  7.547006825  8.528031810  1 1 1
Zn  2.614359868  7.547006825  8.528031810  1 1 1
Zn  3.921539797  0.754700676  3.654870776  0 0 0
Zn  9.150259508  0.754700676  3.654870776  0 0 0
Zn  3.921539797  0.754700676  8.528031810  1 1 1
Zn  9.150259508  0.754700676  8.528031810  1 1 1
Zn  2.614359869  3.018802725  3.654870776  0 0 0
Zn  7.843079580  3.018802725  3.654870776  0 0 0
Zn  2.614359869  3.018802725  8.528031810  1 1 1
Zn  7.843079580  3.018802725  8.528031810  1 1 1
Zn  1.307179941  5.282904775  3.654870776  0 0 0
Zn  6.535899652  5.282904775  3.654870776  0 0 0
Zn  1.307179941  5.282904775  8.528031810  1 1 1
Zn  6.535899652  5.282904775  8.528031810  1 1 1
Zn  0.000000013  7.547006825  3.654870776  0 0 0
Zn  5.228719724  7.547006825  3.654870776  0 0 0
Zn  0.000000013  7.547006825  8.528031810  1 1 1
Zn  5.228719724  7.547006825  8.528031810  1 1 1
